
0.10 0.0793 0.0793 0.0793 0.0793 0.0793 0.0793 0.0793 0.0793 0.0793 0.0793
0.20 0.2777 0.2777 0.2777 0.2777 0.2777 0.2777 0.2777 0.2777 0.2777 0.2777
0.30 0.3967 0.3967 0.3967 0.3967 0.3967 0.3967 0.3967 0.3967 0.3967 0.3967
0.40 1.2497 1.2497 1.2497 1.2299 1.1902 1.1505 1.1307 1.0712 0.9521 0.6149
0.50 2.2058 2.1423 2.0313 2.0154 1.9360 1.8567 1.7297 1.6028 1.3330 0.9998
0.60 3.2796 3.1077 2.9226 2.7903 2.7110 2.5258 2.2746 2.0101 1.6266 1.2299
0.70 4.0466 3.7973 3.6386 3.4459 3.2645 2.7884 2.4370 1.9496 1.3942 1.0882
0.80 3.7193 3.9574 4.0367 3.3821 2.9358 2.4399 2.1324 1.7555 1.2299 0.9521
0.90 3.3502 3.5265 3.6058 3.0504 2.6360 2.1952 1.9219 1.6574 1.1108 0.8464
1.00 3.1183 3.1976 3.3246 2.8723 2.3962 2.0074 1.7615 1.6583 1.0394 0.7617
1.10 3.0079 2.9502 3.0945 2.6905 2.2361 1.8827 1.6518 1.6879 0.9954 0.6925
1.20 2.9953 2.7771 3.0482 2.6449 2.0960 1.8051 1.5737 1.8448 0.9918 0.6348
1.30 3.1006 2.5940 3.0457 2.5635 2.0020 1.7212 1.5076 1.9653 0.9827 0.5859
1.40 3.4062 2.4881 3.2532 2.6864 1.9213 1.6719 1.4906 1.9383 0.9862 0.5441
1.50 3.7504 2.3592 3.5071 2.8353 1.8408 1.5922 1.4282 1.8408 1.0262 0.5078
1.60 4.0615 2.2861 3.7689 3.0746 1.8200 1.5621 1.4183 1.7555 1.0067 0.4761
1.70 4.3313 2.2030 3.9346 3.3045 1.7736 1.5122 1.3909 1.7409 1.0128 0.4481
1.80 4.5712 2.1644 3.7248 3.2576 1.7632 1.5076 1.4062 1.7500 1.0403 0.4232
1.90 4.7649 2.1256 3.5706 3.1028 1.7122 1.4950 1.3906 1.7748 1.0398
2.00 4.5346 2.0709 3.4436 3.0032 1.7258 1.4877 1.3885 1.8091 1.0434
2.10 4.3565 2.0554 3.3627 2.9018 1.6852 1.4925 1.3942 1.8438 1.0617
2.20 4.1837 2.0053 3.3073 2.8709 1.6987 1.4715 1.3922 1.8646 1.0748
2.30 4.0604 2.0078 3.2946 2.8185 1.6835 1.4938 1.4248 1.8870 1.0867
2.40 3.9408 1.9836 3.2895 2.9060 1.7059 1.4910 1.4282 1.9076 1.0910
2.50 3.9387 1.9773 3.4182 3.0215 1.7234 1.5171 1.4758 1.9297 1.0791
2.60 4.0222 1.9867 3.5461 3.1219 1.7395 1.5442 1.4984 1.9379 1.0437
2.70 4.1701 1.9660 3.6646 3.2208 1.7838 1.5634 1.5458 1.8720 1.0227
2.80 4.2932 1.9893 3.7718 3.3127 1.7994 1.6124 1.5812 1.8164 1.0088
2.90 4.4269 1.9727 3.8770 3.3982 1.8605 1.6389 1.6225 1.8113 1.0096
3.00 4.5492 2.0074 3.9699 3.4780 1.8858 1.6954 1.6689 1.8064 1.0209
3.10 4.6763 2.0144 4.0594 3.5526 1.9325 1.7328 1.7123 1.8224 1.0187
3.20 4.7979 2.0432 4.1433 3.6251 1.9861 1.7853 1.7580 1.8200 1.0191
3.30 4.9146 2.0846 4.2197 3.6884 2.0245 1.8346 1.7961 1.8394 1.0219
3.40 5.0198 2.0957 4.2917 3.7503 2.0887 1.8926 1.8320 1.8483 1.0315
3.50 5.1235 2.1514 4.3617 3.8086 2.1333 1.9474 1.8680 1.8544 1.0383
3.60 5.2192 2.1776 4.4279 3.8637 2.1996 2.0035 1.9043 1.8646 1.0491
3.70 5.3097 2.2217 4.4905 3.9137 2.2517 2.0544 1.9343 1.8743 1.0529
3.80 5.3976 2.2718 4.5478 3.9631 2.3156 2.1068 1.9649 1.8813 1.0482
3.90 5.4789 2.3051 4.6041 4.0100 2.3783 2.1545 1.9918 1.8901 1.0254
4.00 5.5582 2.3744 4.6556 4.0526 2.4379 2.1979 2.0174 1.8983 1.0117
4.10 5.6316 2.4094 4.7066 4.0969 2.4984 2.2410 2.0436 1.9024 1.0044
4.20 5.7016 2.4786 4.7532 4.1373 2.5561 2.2840 2.0668 1.8816 0.9975
4.30 5.7682 2.5206 4.7995 4.1740 2.6092 2.3213 2.0907 1.8489 1.0057
4.40 5.8337 2.5823 4.8419 4.2107 2.6599 2.3587 2.1009 1.8195 1.0117
4.50 5.8945 2.6431 4.8859 4.2459 2.7101 2.3927 2.0577 1.8197 1.0121
4.60 5.9527 2.7047 4.9263 4.2778 2.7547 2.4269 2.0337 1.8146 1.0142
4.70 6.0100 2.7703 4.9600 4.2239 2.8007 2.4597 2.0174 1.8216 1.0180
4.80 6.0633 2.8316 4.8599 4.1425 2.8449 2.4895 2.0365 1.8233 1.0216
4.90 6.1145 2.9034 4.7802 4.0968 2.8856 2.5196 2.0419 1.8330 1.0266
5.00 6.1652 2.9628 4.7100 4.0657 2.9247 2.5470 2.0630 1.8408 1.0267
5.10 6.2123 3.0369 4.7094 4.0886 2.9622 2.5748 2.0770 1.8452 1.0206
5.20 6.2576 3.0991 4.7165 4.0985 2.9984 2.6001 2.0996 1.8524 1.0040
5.30 6.3027 3.1753 4.7428 4.1230 3.0331 2.6199 2.1154 1.8594 0.9911
5.40 6.3432 3.2414 4.7622 4.1451 3.0680 2.5743 2.1320 1.8661 0.9933
5.50 6.3852 3.3167 4.7910 4.1707 3.1003 2.5448 2.1495 1.8726 0.9882
5.60 6.4256 3.3864 4.8174 4.1982 3.1313 2.5221 2.1678 1.8774 0.9847
5.70 6.4618 3.4606 4.8484 4.2262 3.1613 2.5446 2.1827 1.8834 0.9883
5.80 6.5009 3.5323 4.8798 4.2532 3.1902 2.5527 2.1971 1.8879 0.9918
5.90 6.5346 3.6015 4.9114 4.2806 3.2182 2.5740 2.2109 1.8666 0.9979
6.00 6.5685 3.6697 4.9406 4.3045 3.2439 2.5946 2.2256 1.8435 0.9998
6.10 6.6026 3.7345 4.9702 4.3289 3.2246 2.6171 2.2386 1.8223 1.0029
6.20 6.6343 3.7971 4.9988 4.3538 3.1789 2.6376 2.2524 1.8288 1.0072
6.30 6.6650 3.8590 5.0265 4.3753 3.1474 2.6587 2.2645 1.8250 1.0113
6.40 6.6960 3.9189 5.0521 4.3975 3.1404 2.6792 2.2775 1.8312 1.0117
6.50 6.7249 3.9758 5.0781 4.4189 3.1470 2.6990 2.2925 1.8311 1.0010
6.60 6.7540 4.0322 5.1022 4.4398 3.1606 2.7170 2.3070 1.8382 0.9942
6.70 6.7799 4.0857 5.1279 4.4599 3.1786 2.7357 2.3093 1.8415 0.9912
6.80 6.8074 4.1376 5.1505 4.4795 3.1960 2.7549 2.2777 1.8471 0.9872
6.90 6.8260 4.1892 5.1736 4.4974 3.2187 2.7713 2.2573 1.8525 0.9843
7.00 6.7308 4.2393 5.1949 4.5159 3.2407 2.7884 2.2409 1.8601 0.9850
7.10 6.6494 4.2869 5.2156 4.5339 3.2632 2.8050 2.2563 1.8641 0.9890
7.20 6.5747 4.3343 5.2379 4.5514 3.2851 2.8201 2.2569 1.8690 0.9929
7.30 6.5574 4.3792 5.2586 4.5694 3.3075 2.8358 2.2695 1.8739 0.9978
7.40 6.5589 4.4230 5.2776 4.5849 3.3282 2.8511 2.2774 1.8775 1.0015
7.50 6.5741 4.4666 5.2971 4.6010 3.3494 2.8649 2.2873 1.8800 1.0050
7.60 6.5815 4.5081 5.3151 4.6167 3.3691 2.8794 2.2989 1.8604 1.0075
7.70 6.6012 4.5485 5.3337 4.6309 3.3892 2.8925 2.3082 1.8404 1.0057
7.80 6.6132 4.5888 5.3507 4.6458 3.4068 2.9063 2.3173 1.8341 0.9949
7.90 6.6339 4.6282 5.3674 4.6603 3.4259 2.8755 2.3261 1.8290 0.9863
8.00 6.6521 4.6655 5.3846 4.6735 3.4436 2.8485 2.3357 1.8319 0.9799
8.10 6.6739 4.7020 5.4014 4.6824 3.4608 2.8320 2.3451 1.8308 0.9786
8.20 6.6970 4.7385 5.4168 4.6272 3.4786 2.8332 2.3542 1.8366 0.9812
8.30 6.7205 4.7732 5.4328 4.5829 3.4950 2.8411 2.3632 1.8412 0.9799
8.40 6.7425 4.8080 5.4484 4.5435 3.5120 2.8489 2.3709 1.8429 0.9805
8.50 6.7640 4.8410 5.4627 4.5451 3.5276 2.8602 2.3785 1.8483 0.9848
8.60 6.7859 4.8742 5.4785 4.5430 3.5429 2.8721 2.3859 1.8536 0.9891
8.70 6.8055 4.9058 5.4931 4.5519 3.5578 2.8847 2.3941 1.8578 0.9932
8.80 6.8264 4.9366 5.5100 4.5579 3.5724 2.8970 2.4029 1.8610 0.9963
8.90 6.8469 4.9685 5.5248 4.5691 3.5866 2.9090 2.4125 1.8651 1.0003
9.00 6.8652 4.9988 5.4713 4.5800 3.6005 2.9208 2.4227 1.8690 1.0006
9.10 6.8848 5.0119 5.4190 4.5933 3.6098 2.9323 2.4083 1.8712 0.9923
9.20 6.9039 4.9600 5.3739 4.6064 3.5723 2.9427 2.3855 1.8732 0.9832
9.30 6.9210 4.9160 5.3537 4.6191 3.5441 2.9537 2.3795 1.8548 0.9803
9.40 6.9394 4.8831 5.3601 4.6316 3.5199 2.9645 2.3728 1.8385 0.9775
9.50 6.9574 4.8902 5.3621 4.6438 3.5271 2.9759 2.3795 1.8366 0.9747
9.60 6.9733 4.9004 5.3691 4.6558 3.5301 2.9854 2.3820 1.8324 0.9753
9.70 6.9914 4.9211 5.3791 4.6675 3.5395 2.9955 2.3894 1.8356 0.9800
9.80 7.0075 4.9364 5.3898 4.6798 3.5463 3.0046 2.3958 1.8363 0.9821
9.90 7.0225 4.9563 5.4027 4.6902 3.5577 3.0143 2.4020 1.8394 0.9834
10.00 7.0396 4.9789 5.4161 4.7012 3.5690 3.0239 2.4089 1.8408 0.9855